[gd_scene load_steps=23 format=2]

[ext_resource path="res://materials/Yellow.material" type="Material" id=1]
[ext_resource path="res://kart/Kart.gd" type="Script" id=2]
[ext_resource path="res://materials/Grey.material" type="Material" id=3]
[ext_resource path="res://materials/Red.material" type="Material" id=4]
[ext_resource path="res://kart/RearWheelMesh.tres" type="CylinderMesh" id=5]
[ext_resource path="res://kart/FrontWheelMesh.tres" type="CylinderMesh" id=6]
[ext_resource path="res://kart/engine.wav" type="AudioStream" id=7]

[sub_resource type="BoxShape" id=1]
extents = Vector3( 0.35, 0.5, 0.8 )

[sub_resource type="CapsuleMesh" id=2]
radius = 0.2
mid_height = 0.2
radial_segments = 5
rings = 1

[sub_resource type="SphereMesh" id=3]
radius = 0.25
height = 0.5
radial_segments = 5
rings = 3

[sub_resource type="PrismMesh" id=4]
size = Vector3( 0.3, 0.1, 0 )

[sub_resource type="SphereMesh" id=5]
radius = 0.05
height = 0.1
radial_segments = 5
rings = 5

[sub_resource type="PlaneMesh" id=6]
size = Vector2( 0.05, 0.06 )

[sub_resource type="QuadMesh" id=7]
size = Vector2( 0.3, 0.05 )

[sub_resource type="CapsuleMesh" id=8]
radius = 0.25
mid_height = 0.3
radial_segments = 6
rings = 1

[sub_resource type="CubeMesh" id=9]
size = Vector3( 0.1, 0.1, 0.05 )

[sub_resource type="CubeMesh" id=10]
size = Vector3( 0.2, 0.2, 0.6 )

[sub_resource type="CubeMesh" id=11]
size = Vector3( 0.6, 0.2, 1 )

[sub_resource type="CubeMesh" id=12]
size = Vector3( 0.7, 0.6, 0.5 )

[sub_resource type="CubeMesh" id=13]
size = Vector3( 0.7, 0.8, 0.4 )

[sub_resource type="CylinderMesh" id=14]
top_radius = 0.1
bottom_radius = 0.05
height = 0.2
radial_segments = 5
rings = 1

[sub_resource type="CylinderMesh" id=15]
material = ExtResource( 3 )
top_radius = 0.15
bottom_radius = 0.1
height = 0.3
radial_segments = 7
rings = 1

[node name="Kart" type="VehicleBody"]
script = ExtResource( 2 )

[node name="CollisionShape" type="CollisionShape" parent="."]
transform = Transform( 1, 0, 0, 0, 1, 0, 0, 0, 1, 0, 0.4, 0 )
shape = SubResource( 1 )

[node name="Gordon" type="Spatial" parent="."]
transform = Transform( 1, 0, 0, 0, 1, 0, 0, 0, 1, 0, 0.05, 0 )

[node name="Head" type="MeshInstance" parent="Gordon"]
transform = Transform( 1, 0, 0, 0, 0.258819, 0.965926, 0, -0.965926, 0.258819, 0, 0.799188, 0.158734 )
mesh = SubResource( 2 )
material/0 = null

[node name="Head2" type="MeshInstance" parent="Gordon/Head"]
transform = Transform( 1, 0, 0, 0, 0.660814, 0.75055, 0, -0.75055, 0.660814, 0, 0.0222683, -0.111683 )
mesh = SubResource( 3 )
material/0 = null

[node name="Mouth" type="MeshInstance" parent="Gordon/Head/Head2"]
transform = Transform( 1, 0, 0, 0, 0.707107, 0.707107, 0, -0.707107, 0.707107, 0, 0.2, 0.1 )
mesh = SubResource( 4 )
material/0 = ExtResource( 3 )

[node name="Eye" type="MeshInstance" parent="Gordon"]
transform = Transform( 1, 0, 0, 0, 0.258819, 0.965926, 0, -0.965926, 0.258819, 0.0640398, 0.975645, 0.0234904 )
mesh = SubResource( 5 )
material/0 = null

[node name="Eye3" type="MeshInstance" parent="Gordon/Eye"]
transform = Transform( 1, 0, 0, 0, 1, 0, 0, 0, 1, 0, 0.0514732, -0.000861049 )
mesh = SubResource( 6 )
material/0 = ExtResource( 3 )

[node name="Eye2" type="MeshInstance" parent="Gordon"]
transform = Transform( 1, 0, 0, 0, 0.258819, 0.965926, 0, -0.965926, 0.258819, -0.0634833, 0.975645, 0.0234904 )
mesh = SubResource( 5 )
material/0 = null

[node name="Eye4" type="MeshInstance" parent="Gordon/Eye2"]
transform = Transform( 1, 0, 0, 0, 1, 0, 0, 0, 1, -0.00667426, 0.0514732, -0.000861049 )
mesh = SubResource( 6 )
material/0 = ExtResource( 3 )

[node name="Eye3" type="MeshInstance" parent="Gordon"]
transform = Transform( 1, 0, 0, 0, 0.258819, 0.965926, 0, -0.965926, 0.258819, 0, 0.9, 0 )
mesh = SubResource( 5 )
material/0 = ExtResource( 1 )

[node name="EyeBrows" type="MeshInstance" parent="Gordon"]
transform = Transform( 1, 0, 0, 0, -1, 3.25841e-07, 0, -3.25841e-07, -1, 0, 1.05, 0.04 )
mesh = SubResource( 7 )
material/0 = ExtResource( 3 )

[node name="Body" type="MeshInstance" parent="Gordon"]
transform = Transform( 1, 0, 0, 0, 0.677428, 0.735589, 0, -0.735589, 0.677428, 0, 0.308424, 0.0653615 )
mesh = SubResource( 8 )
material/0 = ExtResource( 4 )

[node name="Ear" type="MeshInstance" parent="Gordon"]
transform = Transform( 0.707107, -0.707107, 0, 0.707107, 0.707107, 0, 0, 0, 1, 0.168824, 1.02334, 0.192148 )
mesh = SubResource( 9 )
material/0 = null

[node name="Ear2" type="MeshInstance" parent="Gordon"]
transform = Transform( 0.707107, -0.707107, 0, 0.707107, 0.707107, 0, 0, 0, 1, -0.18642, 1.02334, 0.192148 )
mesh = SubResource( 9 )
material/0 = null

[node name="Leg" type="MeshInstance" parent="Gordon"]
transform = Transform( 1, 0, 0, 0, 0.988204, -0.153141, 0, 0.153141, 0.988204, 0.170666, 0.107213, -0.307724 )
mesh = SubResource( 10 )
material/0 = ExtResource( 3 )

[node name="Leg2" type="MeshInstance" parent="Gordon"]
transform = Transform( 1, 0, 0, 0, 0.988204, -0.153141, 0, 0.153141, 0.988204, -0.145681, 0.107213, -0.307724 )
mesh = SubResource( 10 )
material/0 = ExtResource( 3 )

[node name="Arm" type="MeshInstance" parent="Gordon"]
transform = Transform( 1, 0, 0, 0, 0.988204, -0.153141, 0, 0.153141, 0.988204, 0.2, 0.432, -0.031 )
mesh = SubResource( 10 )
material/0 = null

[node name="Arm2" type="MeshInstance" parent="Gordon"]
transform = Transform( 1, 0, 0, 0, 0.988204, -0.153141, 0, 0.153141, 0.988204, -0.2, 0.432, -0.031 )
mesh = SubResource( 10 )
material/0 = null

[node name="FrontWheel" type="VehicleWheel" parent="."]
transform = Transform( 1, 0, 0, 0, 1, 0, 0, 0, 1, 0.5, -1.49012e-08, -0.6 )
use_as_steering = true
wheel_radius = 0.2
suspension_travel = 2.0
suspension_stiffness = 6.0

[node name="Mesh" type="MeshInstance" parent="FrontWheel"]
transform = Transform( -4.37114e-08, 1, 0, -1, -4.37114e-08, 0, 0, 0, 1, 0, 0, 0 )
mesh = ExtResource( 6 )
material/0 = null

[node name="FrontWheel2" type="VehicleWheel" parent="."]
transform = Transform( 1, 0, 0, 0, 1, 0, 0, 0, 1, -0.5, -1.49012e-08, -0.6 )
use_as_steering = true
wheel_radius = 0.2
suspension_travel = 2.0
suspension_stiffness = 6.0

[node name="Mesh" type="MeshInstance" parent="FrontWheel2"]
transform = Transform( -4.37114e-08, 1, 0, -1, -4.37114e-08, 0, 0, 0, 1, 0, 0, 0 )
mesh = ExtResource( 6 )
material/0 = null

[node name="RearWheel" type="VehicleWheel" parent="."]
transform = Transform( 1, 0, 0, 0, 1, 0, 0, 0, 1, 0.5, 0.1, 0.6 )
use_as_traction = true
wheel_radius = 0.3
suspension_travel = 2.0
suspension_stiffness = 6.0

[node name="Mesh" type="MeshInstance" parent="RearWheel"]
transform = Transform( -4.37114e-08, 1, 0, -1, -4.37114e-08, 0, 0, 0, 1, 0, 0, 0 )
mesh = ExtResource( 5 )
material/0 = null

[node name="RearWheel2" type="VehicleWheel" parent="."]
transform = Transform( 1, 0, 0, 0, 1, 0, 0, 0, 1, -0.5, 0.1, 0.6 )
use_as_traction = true
wheel_radius = 0.3
suspension_travel = 2.0
suspension_stiffness = 6.0

[node name="Mesh" type="MeshInstance" parent="RearWheel2"]
transform = Transform( -4.37114e-08, 1, 0, -1, -4.37114e-08, 0, 0, 0, 1, 0, 0, 0 )
mesh = ExtResource( 5 )
material/0 = null

[node name="Chassis" type="MeshInstance" parent="."]
transform = Transform( 1, 0, 0, 0, 1, 0, 0, 0, 1, 0, -1.49012e-08, 0 )
mesh = SubResource( 11 )
material/0 = ExtResource( 4 )

[node name="FrontChassis" type="MeshInstance" parent="."]
transform = Transform( 1, 0, 0, 0, 0.965926, -0.258819, 0, 0.258819, 0.965926, 0, 0.3, -0.7 )
mesh = SubResource( 12 )
material/0 = null

[node name="BackChassis" type="MeshInstance" parent="."]
transform = Transform( 1, 0, 0, 0, 0.965926, -0.258819, 0, 0.258819, 0.965926, 0, 0.4, 0.6 )
mesh = SubResource( 13 )
material/0 = ExtResource( 4 )

[node name="Bell" type="MeshInstance" parent="BackChassis"]
transform = Transform( 1, 0, 0, 0, 0.5, -0.866025, 0, 0.866025, 0.5, 0.15, 0.2, 0.25 )
mesh = SubResource( 14 )
material/0 = ExtResource( 3 )

[node name="Bell2" type="MeshInstance" parent="BackChassis"]
transform = Transform( 1, 0, 0, 0, 0.5, -0.866025, 0, 0.866025, 0.5, -0.15, 0.2, 0.25 )
mesh = SubResource( 14 )
material/0 = ExtResource( 3 )

[node name="Bell3" type="MeshInstance" parent="BackChassis"]
transform = Transform( 1, 0, 0, 0, 0.5, -0.866025, 0, 0.866025, 0.5, -0.25, -0.05, 0.3 )
mesh = SubResource( 15 )
material/0 = null

[node name="Bell4" type="MeshInstance" parent="BackChassis"]
transform = Transform( 1, 0, 0, 0, 0.5, -0.866025, 0, 0.866025, 0.5, 0.25, -0.05, 0.3 )
mesh = SubResource( 15 )
material/0 = null

[node name="Engine" type="AudioStreamPlayer3D" parent="."]
stream = ExtResource( 7 )
max_db = 0.0
autoplay = true
