[gd_scene load_steps=14 format=2]

[ext_resource path="res://materials/Grey.material" type="Material" id=1]
[ext_resource path="res://materials/Red.material" type="Material" id=2]
[ext_resource path="res://kart/Gordon.gd" type="Script" id=3]
[ext_resource path="res://materials/White.material" type="Material" id=4]

[sub_resource type="CapsuleMesh" id=1]
material = ExtResource( 4 )
radius = 0.2
mid_height = 0.2
radial_segments = 5
rings = 1

[sub_resource type="SphereMesh" id=2]
material = ExtResource( 4 )
radius = 0.25
height = 0.5
radial_segments = 5
rings = 3

[sub_resource type="PrismMesh" id=3]
size = Vector3( 0.3, 0.1, 0 )

[sub_resource type="SphereMesh" id=4]
material = ExtResource( 4 )
radius = 0.05
height = 0.1
radial_segments = 5
rings = 1

[sub_resource type="PlaneMesh" id=5]
size = Vector2( 0.05, 0.06 )

[sub_resource type="QuadMesh" id=6]
size = Vector2( 0.3, 0.05 )

[sub_resource type="PrismMesh" id=10]
material = ExtResource( 4 )
left_to_right = 1.0
size = Vector3( 0.1, 0.05, 0.1 )

[sub_resource type="CapsuleMesh" id=8]
material = ExtResource( 4 )
radius = 0.25
mid_height = 0.3
radial_segments = 4
rings = 1

[sub_resource type="PrismMesh" id=11]
left_to_right = 1.0
size = Vector3( 0.2, 0.2, 0.5 )

[node name="Gordon" type="Spatial"]
transform = Transform( 1, 0, 0, 0, 1, 0, 0, 0, 1, 0, 0.05, 0 )
script = ExtResource( 3 )

[node name="Head" type="MeshInstance" parent="."]
transform = Transform( 1, 0, 0, 0, 0.258819, 0.965926, 0, -0.965926, 0.258819, 0, 0.799188, 0.158734 )
mesh = SubResource( 1 )
material/0 = null

[node name="Head2" type="MeshInstance" parent="Head"]
transform = Transform( 1, 0, 0, 0, 0.660814, 0.75055, 0, -0.75055, 0.660814, 0, 0.0222683, -0.111683 )
mesh = SubResource( 2 )
material/0 = null

[node name="Mouth" type="MeshInstance" parent="Head/Head2"]
transform = Transform( 1, 0, 0, 0, 0.707107, 0.707107, 0, -0.707107, 0.707107, 0, 0.2, 0.1 )
mesh = SubResource( 3 )
material/0 = ExtResource( 1 )

[node name="RightEye" type="MeshInstance" parent="Head"]
transform = Transform( 1, 0, 0, 0, 1, 0, 0, 0, 1, 0.0640398, 0.176306, 0.135441 )
mesh = SubResource( 4 )
material/0 = null

[node name="Pupil" type="MeshInstance" parent="Head/RightEye"]
transform = Transform( 1, 0, 0, 0, 1, 0, 0, 0, 1, 0, 0.0514732, -0.000861049 )
mesh = SubResource( 5 )
material/0 = ExtResource( 1 )

[node name="LeftEye" type="MeshInstance" parent="Head"]
transform = Transform( 1, 0, 0, 0, 1, 0, 0, 0, 1, -0.0634833, 0.176306, 0.135441 )
mesh = SubResource( 4 )
material/0 = null

[node name="Pupil" type="MeshInstance" parent="Head/LeftEye"]
transform = Transform( 1, 0, 0, 0, 1, 0, 0, 0, 1, -0.00667426, 0.0514732, -0.000861049 )
mesh = SubResource( 5 )
material/0 = ExtResource( 1 )

[node name="Nose" type="MeshInstance" parent="Head"]
transform = Transform( 1, 0, 0, 0, 1, 0, 0, 0, 1, 0, 0.2, 0.05 )
mesh = SubResource( 4 )
material/0 = null

[node name="EyeBrows" type="MeshInstance" parent="Head"]
transform = Transform( 1, 0, 0, 0, -0.258819, 0.965926, 0, -0.965926, -0.258819, 0, 0.179603, 0.211535 )
mesh = SubResource( 6 )
material/0 = ExtResource( 1 )

[node name="RightEar" type="MeshInstance" parent="Head"]
transform = Transform( 0.707107, 1.49012e-08, -0.707107, 0.183013, 0.965926, 0.183013, 0.683013, -0.258819, 0.683012, 0.15, 0.05, 0.2 )
mesh = SubResource( 10 )
material/0 = null

[node name="LeftEar" type="MeshInstance" parent="Head"]
transform = Transform( -0.707107, -1.49012e-08, -0.707107, 0.183013, 0.965926, -0.183013, 0.683013, -0.258819, -0.683012, -0.15, 0.05, 0.2 )
mesh = SubResource( 10 )
material/0 = null

[node name="Body" type="MeshInstance" parent="."]
transform = Transform( 1, 0, 0, 0, 0.677428, 0.735589, 0, -0.735589, 0.677428, 0, 0.308424, 0.0653615 )
mesh = SubResource( 8 )
material/0 = ExtResource( 2 )

[node name="RightArm" type="MeshInstance" parent="."]
transform = Transform( -0.5, -0.866025, -6.45239e-09, 0.860975, -0.497084, 0.107843, -0.093395, 0.0539216, 0.994168, 0.2, 0.4, -0.1 )
mesh = SubResource( 11 )
material/0 = ExtResource( 4 )

[node name="LeftArm" type="MeshInstance" parent="."]
transform = Transform( -0.866026, -0.5, -7.45058e-09, 0.497084, -0.860974, 0.107843, -0.0539216, 0.0933949, 0.994168, -0.2, 0.4, -0.1 )
mesh = SubResource( 11 )
material/0 = ExtResource( 4 )
