[gd_scene load_steps=21 format=2]

[ext_resource path="res://materials/Red.material" type="Material" id=1]
[ext_resource path="res://materials/Grey.material" type="Material" id=2]
[ext_resource path="res://kart/RunningGordon.gd" type="Script" id=3]
[ext_resource path="res://materials/White.material" type="Material" id=4]
[ext_resource path="res://kart/footstep_concrete_001.wav" type="AudioStream" id=5]

[sub_resource type="CapsuleMesh" id=1]
material = ExtResource( 4 )
radius = 0.2
mid_height = 0.2
radial_segments = 5
rings = 1

[sub_resource type="SphereMesh" id=2]
material = ExtResource( 4 )
radius = 0.25
height = 0.5
radial_segments = 5
rings = 3

[sub_resource type="PrismMesh" id=3]
size = Vector3( 0.3, 0.1, 0 )

[sub_resource type="SphereMesh" id=4]
material = ExtResource( 4 )
radius = 0.05
height = 0.1
radial_segments = 5
rings = 1

[sub_resource type="PlaneMesh" id=5]
size = Vector2( 0.05, 0.06 )

[sub_resource type="QuadMesh" id=6]
size = Vector2( 0.3, 0.05 )

[sub_resource type="PrismMesh" id=10]
material = ExtResource( 4 )
left_to_right = 1.0
size = Vector3( 0.1, 0.05, 0.1 )

[sub_resource type="CapsuleMesh" id=8]
material = ExtResource( 4 )
radius = 0.25
mid_height = 0.3
radial_segments = 4
rings = 1

[sub_resource type="PrismMesh" id=11]
left_to_right = 1.0
size = Vector3( 0.2, 0.2, 0.5 )

[sub_resource type="PrismMesh" id=12]
material = ExtResource( 2 )
size = Vector3( 0.2, 0.2, 0.5 )

[sub_resource type="CapsuleShape" id=13]
radius = 0.4
height = 0.4

[sub_resource type="Animation" id=16]
length = 0.001
tracks/0/type = "value"
tracks/0/path = NodePath("Foot:rotation_degrees")
tracks/0/interp = 1
tracks/0/loop_wrap = true
tracks/0/imported = false
tracks/0/enabled = true
tracks/0/keys = {
"times": PoolRealArray( 0 ),
"transitions": PoolRealArray( 1 ),
"update": 0,
"values": [ Vector3( 93.321, 0, 0 ) ]
}
tracks/1/type = "value"
tracks/1/path = NodePath("Foot2:rotation_degrees")
tracks/1/interp = 1
tracks/1/loop_wrap = true
tracks/1/imported = false
tracks/1/enabled = true
tracks/1/keys = {
"times": PoolRealArray( 0 ),
"transitions": PoolRealArray( 1 ),
"update": 0,
"values": [ Vector3( 93.321, 0, 0 ) ]
}
tracks/2/type = "value"
tracks/2/path = NodePath("RightArm:rotation_degrees")
tracks/2/interp = 1
tracks/2/loop_wrap = true
tracks/2/imported = false
tracks/2/enabled = true
tracks/2/keys = {
"times": PoolRealArray( 0 ),
"transitions": PoolRealArray( 1 ),
"update": 0,
"values": [ Vector3( -82.381, -5.60766e-06, 120 ) ]
}
tracks/3/type = "value"
tracks/3/path = NodePath("LeftArm:rotation_degrees")
tracks/3/interp = 1
tracks/3/loop_wrap = true
tracks/3/imported = false
tracks/3/enabled = true
tracks/3/keys = {
"times": PoolRealArray( 0 ),
"transitions": PoolRealArray( 1 ),
"update": 0,
"values": [ Vector3( -73.473, -1.86627e-07, 150 ) ]
}
tracks/4/type = "value"
tracks/4/path = NodePath("Head:translation")
tracks/4/interp = 1
tracks/4/loop_wrap = true
tracks/4/imported = false
tracks/4/enabled = true
tracks/4/keys = {
"times": PoolRealArray( 0 ),
"transitions": PoolRealArray( 1 ),
"update": 0,
"values": [ Vector3( 0, 0.799188, 0.158734 ) ]
}

[sub_resource type="Animation" id=14]
resource_name = "idle"
loop = true

[sub_resource type="Animation" id=15]
resource_name = "run"
loop = true
step = 0.25
tracks/0/type = "value"
tracks/0/path = NodePath("Foot:rotation_degrees")
tracks/0/interp = 1
tracks/0/loop_wrap = true
tracks/0/imported = false
tracks/0/enabled = true
tracks/0/keys = {
"times": PoolRealArray( 0, 0.5 ),
"transitions": PoolRealArray( 1, 1 ),
"update": 0,
"values": [ Vector3( 93.321, 0, 0 ), Vector3( 135.665, 0, 0 ) ]
}
tracks/1/type = "value"
tracks/1/path = NodePath("Foot2:rotation_degrees")
tracks/1/interp = 1
tracks/1/loop_wrap = true
tracks/1/imported = false
tracks/1/enabled = true
tracks/1/keys = {
"times": PoolRealArray( 0, 0.5 ),
"transitions": PoolRealArray( 1, 1 ),
"update": 0,
"values": [ Vector3( 93.321, 0, 0 ), Vector3( 32.743, 0, 0 ) ]
}
tracks/2/type = "value"
tracks/2/path = NodePath("RightArm:rotation_degrees")
tracks/2/interp = 1
tracks/2/loop_wrap = true
tracks/2/imported = false
tracks/2/enabled = true
tracks/2/keys = {
"times": PoolRealArray( 0, 1 ),
"transitions": PoolRealArray( 1, 1 ),
"update": 0,
"values": [ Vector3( -82.381, -5.60766e-06, 120 ), Vector3( 67.533, -180, -60 ) ]
}
tracks/3/type = "value"
tracks/3/path = NodePath("LeftArm:rotation_degrees")
tracks/3/interp = 1
tracks/3/loop_wrap = true
tracks/3/imported = false
tracks/3/enabled = true
tracks/3/keys = {
"times": PoolRealArray( 0, 0.5 ),
"transitions": PoolRealArray( 1, 1 ),
"update": 0,
"values": [ Vector3( -73.473, -1.86627e-07, 150 ), Vector3( 50.624, 4.57824e-06, 150 ) ]
}
tracks/4/type = "value"
tracks/4/path = NodePath("Head:translation")
tracks/4/interp = 1
tracks/4/loop_wrap = true
tracks/4/imported = false
tracks/4/enabled = true
tracks/4/keys = {
"times": PoolRealArray( 0, 0.25, 0.5, 0.75 ),
"transitions": PoolRealArray( 1, 1, 1, 1 ),
"update": 0,
"values": [ Vector3( 0, 0.799188, 0.158734 ), Vector3( -0.0898372, 0.769151, 0.158734 ), Vector3( 0, 0.799188, 0.158734 ), Vector3( 0.0978554, 0.745529, 0.158734 ) ]
}
tracks/5/type = "method"
tracks/5/path = NodePath("Step")
tracks/5/interp = 1
tracks/5/loop_wrap = true
tracks/5/imported = false
tracks/5/enabled = true
tracks/5/keys = {
"times": PoolRealArray( 0.25, 0.75 ),
"transitions": PoolRealArray( 1, 1 ),
"values": [ {
"args": [ 0.0 ],
"method": "play"
}, {
"args": [ 0.0 ],
"method": "play"
} ]
}

[sub_resource type="AudioStreamRandomPitch" id=17]
audio_stream = ExtResource( 5 )
random_pitch = 1.2

[node name="RunningGordon" type="RigidBody"]
transform = Transform( 1, 0, 0, 0, 1, 0, 0, 0, 1, 0, 0.05, 0 )
mass = 60.0
axis_lock_angular_x = true
axis_lock_angular_z = true
linear_damp = 2.0
angular_damp = 5.0
script = ExtResource( 3 )

[node name="Head" type="MeshInstance" parent="."]
transform = Transform( 1, 0, 0, 0, 0.258819, 0.965926, 0, -0.965926, 0.258819, 0, 0.799188, 0.158734 )
cast_shadow = 0
mesh = SubResource( 1 )

[node name="Head2" type="MeshInstance" parent="Head"]
transform = Transform( 1, 0, 0, 0, 0.660814, 0.75055, 0, -0.75055, 0.660814, 0, 0.0222683, -0.111683 )
cast_shadow = 0
mesh = SubResource( 2 )

[node name="Mouth" type="MeshInstance" parent="Head/Head2"]
transform = Transform( 1, 0, 0, 0, 0.707107, 0.707107, 0, -0.707107, 0.707107, 0, 0.2, 0.1 )
cast_shadow = 0
mesh = SubResource( 3 )
material/0 = ExtResource( 2 )

[node name="RightEye" type="MeshInstance" parent="Head"]
transform = Transform( 1, 0, 0, 0, 1, 0, 0, 0, 1, 0.0640398, 0.176306, 0.135441 )
cast_shadow = 0
mesh = SubResource( 4 )

[node name="Pupil" type="MeshInstance" parent="Head/RightEye"]
transform = Transform( 1, 0, 0, 0, 1, 0, 0, 0, 1, 0, 0.0514732, -0.000861049 )
cast_shadow = 0
mesh = SubResource( 5 )
material/0 = ExtResource( 2 )

[node name="LeftEye" type="MeshInstance" parent="Head"]
transform = Transform( 1, 0, 0, 0, 1, 0, 0, 0, 1, -0.0634833, 0.176306, 0.135441 )
cast_shadow = 0
mesh = SubResource( 4 )

[node name="Pupil" type="MeshInstance" parent="Head/LeftEye"]
transform = Transform( 1, 0, 0, 0, 1, 0, 0, 0, 1, -0.00667426, 0.0514732, -0.000861049 )
cast_shadow = 0
mesh = SubResource( 5 )
material/0 = ExtResource( 2 )

[node name="Nose" type="MeshInstance" parent="Head"]
transform = Transform( 1, 0, 0, 0, 1, 0, 0, 0, 1, 0, 0.2, 0.05 )
cast_shadow = 0
mesh = SubResource( 4 )

[node name="EyeBrows" type="MeshInstance" parent="Head"]
transform = Transform( 1, 0, 0, 0, -0.258819, 0.965926, 0, -0.965926, -0.258819, 0, 0.179603, 0.211535 )
cast_shadow = 0
mesh = SubResource( 6 )
material/0 = ExtResource( 2 )

[node name="RightEar" type="MeshInstance" parent="Head"]
transform = Transform( 0.707107, 1.49012e-08, -0.707107, 0.183013, 0.965926, 0.183013, 0.683013, -0.258819, 0.683012, 0.15, 0.05, 0.2 )
cast_shadow = 0
mesh = SubResource( 10 )

[node name="LeftEar" type="MeshInstance" parent="Head"]
transform = Transform( -0.707107, -1.49012e-08, -0.707107, 0.183013, 0.965926, -0.183013, 0.683013, -0.258819, -0.683012, -0.15, 0.05, 0.2 )
cast_shadow = 0
mesh = SubResource( 10 )

[node name="Body" type="MeshInstance" parent="."]
transform = Transform( 1, 0, 0, 0, 0.0261942, 0.999657, 0, -0.999657, 0.0261942, 0, 0.458234, 0.27225 )
cast_shadow = 0
mesh = SubResource( 8 )
material/0 = ExtResource( 1 )

[node name="RightArm" type="MeshInstance" parent="."]
transform = Transform( -0.5, -0.866025, -1.29764e-08, 0.114822, -0.0662924, 0.991172, -0.85838, 0.495585, 0.132585, 0.2, 0.335528, 0.253989 )
cast_shadow = 0
mesh = SubResource( 11 )
material/0 = ExtResource( 4 )

[node name="LeftArm" type="MeshInstance" parent="."]
transform = Transform( -0.866026, -0.5, -9.26583e-10, 0.142234, -0.246356, 0.958686, -0.479343, 0.830246, 0.284467, -0.2, 0.356698, 0.236137 )
cast_shadow = 0
mesh = SubResource( 11 )
material/0 = ExtResource( 4 )

[node name="Foot" type="MeshInstance" parent="."]
transform = Transform( 1, 0, 0, 0, -0.05793, -0.998321, 0, 0.998321, -0.05793, 0.139155, -6.45593e-06, 0.261538 )
mesh = SubResource( 12 )

[node name="Foot2" type="MeshInstance" parent="."]
transform = Transform( 1, 0, 0, 0, -0.05793, -0.998321, 0, 0.998321, -0.05793, -0.139, 6.44848e-06, 0.261429 )
mesh = SubResource( 12 )

[node name="CollisionShape" type="CollisionShape" parent="."]
transform = Transform( 1, 0, 0, 0, -4.37114e-08, -1, 0, 1, -4.37114e-08, 0, 0.347056, 0 )
shape = SubResource( 13 )

[node name="Anim" type="AnimationPlayer" parent="."]
autoplay = "run"
playback_process_mode = 0
anims/RESET = SubResource( 16 )
anims/idle = SubResource( 14 )
anims/run = SubResource( 15 )

[node name="Step" type="AudioStreamPlayer3D" parent="."]
stream = SubResource( 17 )
bus = "Sfx"
